[POWER]
NEC, A:0x80, C:0x58
NEC, A:0x80, C:0x58 R
NEC, A:0x80, C:0x58
NEC, A:0x80, C:0x58 R
NEC, A:0x80, C:0x58
NEC, A:0x80, C:0x58 R
RAW, 93 samples:
339 206 253 785 596 601 138 1058 165 740 136 251 230 2202 496 206 305 4992 233 945 164 2017 289 787 260 772 174 2103 263 4372 337 1796 165 2183 286 2222 97 1972 99 2185 164 1956 411 3064 375 5198 164 987 443 1879 98 1270 108 1943 98 2330 231 3224 102 983 101 3140 135 2065 343 41159 272 207 166 260 164 1664 164 846 135 209 164 713 135 799 292 208 397 210 142 284 98 406 164 247 486 2667 230 
RAW, 85 samples:
8904 4689 458 707 433 690 420 681 459 653 165 1051 432 852 314 652 484 1718 510 1798 101 206 178 1795 340 1865 459 1769 511 1898 334 1821 99 207 205 1745 508 553 537 687 450 773 314 786 379 1863 446 1742 485 656 478 1776 460 697 441 1769 536 1772 381 1849 165 209 90 648 510 706 97 2109 511 811 269 1829 402 41159 1630 308 801 207 3009 390 168 208 2235 2346 487 
RAW, 67 samples:
8998 4544 540 598 489 651 539 572 514 650 542 571 569 624 486 600 563 1694 566 1741 514 1690 568 1689 541 1767 461 1767 514 1769 488 1766 490 651 513 599 487 651 487 624 542 1741 513 1797 462 623 513 1718 591 546 538 1771 487 1716 564 1692 512 703 464 594 540 1745 513 623 488 1743 514 
RAW, 71 samples:
8991 4573 537 600 540 625 486 627 513 625 511 654 489 622 489 650 540 1743 488 1715 538 1743 489 1769 487 1822 457 1720 539 1741 461 1822 486 600 538 624 490 626 538 625 514 1768 488 1742 511 681 487 1743 460 626 513 1767 515 1769 536 1720 484 626 515 652 484 1771 487 652 459 1746 537 41131 8940 2287 512 
NEC, A:0x80, C:0x58
NEC, A:0x80, C:0x58 R
NEC, A:0x80, C:0x58 R
NEC, A:0x80, C:0x58
NEC, A:0x80, C:0x58 R
NEC, A:0x80, C:0x58
NEC, A:0x80, C:0x58 R
NEC, A:0x80, C:0x58 R
NEC, A:0x80, C:0x58 R
NEC, A:0x80, C:0x58
NEC, A:0x80, C:0x58 R


[COLOR]
NEC, A:0x80, C:0x58 R
NEC, A:0x80, C:0x58


[TIMER]
NEC, A:0x80, C:0xA0
NEC, A:0x80, C:0xA0 R

[TEMP]
NEC, A:0x80, C:0x48
NEC, A:0x80, C:0x48 R

[BRIGHTNESS]
NEC, A:0x80, C:0x07
NEC, A:0x80, C:0x07 R
